 protected static int ambigous[] =
    {
        250,
        245,
        237,
        231,
        222,
        219,
        189,
        183,
        175,
        126,
        123,
        95,
        234,
        233,
        227,
        214,
        213,
        211,
        203,
        199,
        188,
        186,
        182,
        174,
        171,
        158,
        151,
        124,
        121,
        117,
        109,
        107,
        93,
        87,
        62,
        61,
        229,
        218,
        181,
        173,
        167,
        122,
        94,
        91,
        150,
        170,
        195,
        135,
        149,
        154,
        163,
        166,
        169,
        172,
        180,
        197,
        202,
        210,
        225,
        165
    };